636  0
630  3
637  3
638  4
631  5
632  5
635  5
636  5
633  6
634  6
639  6
634  11
635  11
636  11
637  11
632  12
633  12
638  12
639  13
631  14
630  16
631  19
632  19
639  19
633  20
634  20
635  20
636  21
637  21
638  21
639  21
489  41
491  41
492  41
493  41
494  41
495  41
496  41
480  42
490  42
485  45
486  45
489  45
490  45
491  45
492  45
493  45
494  45
495  45
487  46
488  46
489  47
490  47
491  47
485  180
485  195
485  213
485  218
485  225
485  246
485  260
485  274
485  292
596  320
597  320
598  320
594  321
595  321
599  321
600  321
593  322
601  323
602  327
592  328
601  328
593  329
594  329
600  329
484  330
485  330
586  335
587  335
588  335
589  335
590  335
591  335
592  335
594  335
595  335
596  335
597  335
598  335
599  335
600  335
601  335
602  335
593  336
485  340
592  342
593  342
594  343
595  343
596  343
597  343
598  343
599  343
600  343
601  343
602  343
595  348
596  348
597  348
598  348
599  348
593  349
594  349
600  349
601  350
602  355
485  357
592  357
593  357
594  357
595  357
596  357
597  357
598  357
599  357
600  357
601  357
602  357
587  363
592  363
593  363
594  363
595  363
596  363
597  363
598  363
599  363
600  363
601  363
602  363
586  364
485  368
592  369
595  369
596  369
597  369
598  369
599  369
600  369
601  369
602  369
593  370
594  370
485  373
592  375
485  380
592  380
593  380
601  380
602  380
589  386
590  386
591  386
592  386
593  386
594  386
595  386
596  386
597  386
598  386
599  386
588  387
600  387
601  388
587  389
586  392
602  393
587  394
588  394
601  394
589  395
590  395
598  395
599  395
600  395
591  396
592  396
593  396
594  396
595  396
596  396
597  396
485  397
602  402
601  403
590  408
591  408
592  408
593  408
588  409
589  409
594  409
600  409
595  410
601  410
587  411
485  413
586  413
596  414
602  414
587  416
588  416
595  416
600  416
601  416
589  417
590  417
591  417
597  417
598  417
599  417
592  418
593  418
594  418
595  418
596  418
591  423
592  423
593  423
594  423
595  423
596  423
597  423
589  424
590  424
598  424
599  424
600  424
588  425
601  425
587  426
586  429
602  430
587  431
601  431
588  432
600  432
589  433
590  433
591  433
592  433
596  433
597  433
598  433
599  433
593  434
594  434
595  434
485  477

